91.512416 34.945275
91.684650 34.878430
91.878414 34.792486
92.115236 34.763839
92.352058 34.763839
92.599644 34.735191
92.901054 34.668346
93.116347 34.601501
93.396227 34.544205
93.643814 34.496459
93.934459 34.410515
94.128223 34.362769
94.332751 34.324572
94.526514 34.257727
94.666454 34.171784
94.870983 34.085840
95.010923 33.961700
95.183157 33.856658
95.323097 33.742066
95.430744 33.665672
95.646036 33.617926
95.850564 33.560630
96.033563 33.512884
96.184268 33.360095
96.367267 33.226405
96.528737 33.102265
96.733265 32.997223
96.894734 32.892181
97.056204 32.796688
97.249967 32.701195
97.432966 32.624801
97.648259 32.557956
97.842022 32.452914
98.014256 32.338323
98.078844 32.099591
98.208020 31.899056
98.358725 31.717620
98.466371 31.545733
98.595547 31.326100
98.703193 31.125565
98.832369 30.915481
98.983074 30.762693
99.112249 30.657651
99.198366 30.457116
99.252190 30.247032
99.273719 30.027399
99.219896 29.836413
99.133779 29.712272
99.079955 29.483090
99.069191 29.244358
99.144543 29.043823
99.198366 28.814641
99.252190 28.595007
99.295248 28.289431
99.338307 28.012502
99.424424 27.802418
99.499776 27.582784
99.607423 27.353602
99.747363 27.133968
99.855009 26.933434
99.973420 26.742448
100.005714 26.503716
99.973420 26.264984
99.984185 26.054900
99.962656 25.854366
100.102596 25.644282
100.242536 25.453296
100.371712 25.252761
100.533181 25.061776
100.683886 24.918537
100.834591 24.803946
100.985296 24.632059
101.146766 24.450622
101.319000 24.297834
101.469705 24.135496
101.631174 23.944511
101.771115 23.801272
101.975643 23.619836
102.190935 23.467047
102.416993 23.362005
102.610756 23.295160
102.815284 23.209217
103.030577 23.151921
103.202811 23.085076
103.364281 22.960936
103.558044 22.855894
103.730278 22.703105
103.902513 22.550317
104.063982 22.378430
104.246981 22.216092
104.440744 22.025107
104.623743 21.862769
104.828271 21.681333
104.978976 21.518995
105.183504 21.337559
105.366503 21.194320
105.549502 21.041531
105.710971 20.888743
105.937029 20.688208
106.110971 20.488743
>
98.197255 32.281027
98.401783 32.233281
98.595547 32.147337
98.735487 32.080493
98.929250 32.004098
99.079955 31.889507
99.219896 31.794014
99.402894 31.688972
99.542835 31.603029
99.725834 31.478888
99.908832 31.402494
100.102596 31.383395
100.274830 31.373846
100.500887 31.316551
100.662357 31.163762
100.845356 31.039622
101.006825 30.886833
101.179060 30.772242
101.319000 30.609904
101.458940 30.418919
101.588116 30.266130
101.717291 30.151539
101.889526 29.931906
101.997172 29.760019
102.072524 29.559484
102.147877 29.378048
102.223229 29.196612
102.320111 28.948331
102.298582 28.738247
102.277052 28.556810
102.244759 28.356276
102.201700 28.127093
102.180171 27.917009
102.255523 27.726023
102.373934 27.487292
102.481581 27.296306
102.610756 27.095771
102.675344 26.866589
102.686109 26.656505
102.718403 26.389125
102.718403 26.150393
102.729167 25.883014
102.707638 25.672929
102.729167 25.472395
102.739932 25.214564
102.718403 25.052227
102.675344 24.813495
102.632285 24.612960
102.599992 24.383777
102.556933 24.173693
102.492345 23.906314
102.438522 23.696230
102.363170 23.514794
102.288522 23.416314
>
99.381365 34.887979
99.510541 34.782937
99.661246 34.639698
99.876538 34.553755
100.091831 34.467811
100.285595 34.362769
100.543946 34.353220
100.759239 34.267276
100.974531 34.257727
101.211353 34.219530
101.448175 34.209981
101.674233 34.143136
101.878761 34.066742
102.094054 33.990347
102.309346 33.971249
102.589227 33.961700
102.815284 33.952150
103.041342 33.942601
103.267399 33.904404
103.514986 33.894855
103.687220 33.818460
103.724986 33.738460
>
96.108916 20.134350
96.065857 20.334885
96.033563 20.621363
96.001269 20.888743
96.012034 21.175221
95.990505 21.404404
96.001269 21.652685
96.012034 21.948713
95.958211 22.177895
95.979740 22.483472
95.990505 22.750852
96.012034 23.018231
96.022799 23.295160
96.055093 23.572089
96.087386 23.868117
96.151974 24.202341
96.281150 24.527017
96.431855 24.737101
96.636383 24.918537
96.765559 25.109522
96.905499 25.376902
97.023910 25.644282
97.088498 25.825718
97.163850 26.112196
97.185379 26.503716
97.153085 26.866589
97.066968 27.086222
97.002381 27.324954
96.937793 27.592334
97.034674 27.754671
97.174615 27.888361
97.400672 28.060248
97.551377 28.136642
97.745140 28.241684
97.949669 28.308529
98.261843 28.318078
98.509430 28.308529
98.821604 28.232135
99.079955 28.060248
99.273719 27.859713
99.499776 27.687826
99.704304 27.535038
99.919597 27.363151
100.091831 27.229461
100.296359 27.095771
100.468593 26.971631
100.651592 26.713800
100.737709 26.484618
100.716180 26.188590
100.694651 25.883014
100.640828 25.606085
100.608534 25.348254
100.587004 25.119072
100.577004 25.019072
>
90.134543 31.020523
90.317541 31.077819
90.500540 31.163762
90.780421 31.240156
91.017243 31.144664
91.232535 31.077819
91.501651 31.058720
91.716944 31.030072
91.953766 30.905932
92.147530 30.772242
92.373587 30.734045
92.610409 30.667200
92.868760 30.619454
93.051759 30.543059
93.288581 30.485764
93.503874 30.457116
93.697637 30.409370
93.934459 30.371172
94.171281 30.304327
94.429632 30.256581
94.687984 30.161088
94.924806 30.084694
95.150863 29.970103
95.290803 29.884159
95.538390 29.788667
95.721389 29.626329
95.925917 29.502188
96.119680 29.368499
96.270385 29.253907
96.453384 29.167964
96.700971 29.062922
96.862440 28.919683
97.066968 28.805091
97.260732 28.700049
97.476025 28.556810
97.712847 28.394473
97.912847 28.294473
>
90.134543 28.002952
90.339071 27.955206
90.532834 27.917009
90.748127 27.936107
90.995713 27.897910
91.264829 27.859713
91.577004 27.802418
91.824590 27.792868
92.082942 27.773770
92.169059 27.964755
92.352058 28.127093
92.545821 28.213036
92.825702 28.260783
93.148641 28.279881
93.331640 28.318078
93.579226 28.346726
93.740696 28.346726
94.009812 28.375374
94.246634 28.432670
94.472691 28.461318
94.601867 28.528162
94.698748 28.719148
94.795630 28.852838
94.967864 28.957880
95.097040 29.062922
95.280039 29.196612
95.430744 29.339851
95.624507 29.454442
>
103.945571 34.887979
103.934806 34.677895
103.934806 34.496459
103.902513 34.229079
103.891748 34.018995
103.859454 33.742066
103.848689 33.522433
103.827160 33.312349
103.805631 33.111814
103.751808 32.892181
103.708749 32.710745
103.687220 32.519759
103.697984 32.300126
103.730278 32.109140
103.687220 31.918155
103.665691 31.669874
103.579573 31.431142
103.482692 31.192410
103.353516 30.963227
103.267399 30.791340
103.084400 30.619454
102.890637 30.466665
102.739932 30.323426
102.621521 30.141990
102.481581 29.998751
102.266288 29.740920
102.212465 29.502188
102.182465 29.302188
>
103.095165 30.227933
102.998283 30.094243
103.052106 29.855512
103.095165 29.607230
103.245870 29.358949
103.407339 29.120217
103.525750 28.881486
103.568809 28.766894
103.622632 28.566360
103.665691 28.346726
103.773337 28.165290
103.827160 27.983854
103.773337 27.773770
103.633397 27.582784
103.482692 27.420447
103.299693 27.267658
103.148988 27.114870
103.030577 26.904786
103.009048 26.627857
103.073636 26.293632
103.116694 26.131295
103.192047 25.959408
103.256634 25.711127
103.288928 25.529690
103.267399 25.281409
103.256634 25.023579
103.192047 24.737101
103.192047 24.479270
103.213576 24.259637
103.181282 24.001806
103.192047 23.829920
103.278164 23.629385
103.364281 23.457498
103.482692 23.256963
103.547280 23.085076
103.665691 22.874992
103.785691 22.674992
>
103.081282 30.203426
103.181282 30.323426
103.364281 30.485764
103.504221 30.619454
103.773337 30.925030
103.945571 31.087368
104.117805 31.316551
104.160864 31.526635
104.246981 31.803564
104.333098 32.109140
104.376157 32.424266
104.429980 32.662998
104.526861 32.844434
104.656037 33.054518
104.720625 33.283701
104.720625 33.598827
104.720625 33.866207
104.849801 34.028544
105.097387 34.104939
105.431091 34.229079
105.700207 34.295924
106.023146 34.420065
106.259968 34.420065
106.464496 34.400966
106.798200 34.391417
107.024257 34.334121
107.314902 34.267276
107.530195 34.171784
107.810076 34.085840
107.993074 34.038094
108.359072 34.018995
108.552835 33.971249
108.800422 33.942601
109.037244 33.904404
109.241772 33.894855
109.446300 33.875756
109.704652 33.818460
109.876886 33.780263
>
104.046981 31.205198
104.246981 31.345198
104.451509 31.574381
104.720625 31.727169
104.957447 31.870408
105.258857 32.004098
105.452620 32.128239
105.657148 32.233281
105.893970 32.290577
106.249203 32.195084
106.507555 32.147337
106.765906 32.214182
106.991963 32.242830
107.228785 32.271478
107.487136 32.271478
107.680900 32.195084
107.874663 32.080493
107.971545 31.889507
108.089956 31.708071
108.219132 31.517085
108.348307 31.326100
108.509777 31.211509
108.843481 31.182861
109.026479 31.154213
109.317125 31.144664
109.543182 31.125565
>
103.607100 28.601684
103.767100 28.441684
103.967100 28.241684
104.203922 28.088896
104.516097 27.917009
104.699096 27.764221
104.946682 27.716474
105.301915 27.773770
105.474149 27.792868
105.700207 27.831065
105.915500 27.850164
106.141557 27.936107
106.313791 28.098445
106.453731 28.213036
106.615201 28.375374
106.733612 28.547261
106.830494 28.795542
106.991963 28.957880
107.153433 29.120217
107.325667 29.263457
107.551724 29.406696
107.745488 29.530836
107.993074 29.626329
108.197602 29.769568
108.369837 29.855512
108.488248 30.017849
108.638953 30.237483
108.789657 30.342525
108.994186 30.447567
109.187949 30.504862
109.381712 30.590806
109.532417 30.762693
109.661593 30.905932
109.693887 31.077819
>
102.180171 29.377513
102.180171 28.996077
102.137112 28.862387
102.083289 28.757345
102.050995 28.623655
101.997172 28.518613
101.943349 28.404022
101.878761 28.289431
101.792644 28.174839
101.674233 27.993403
101.555822 27.831065
101.480469 27.687826
101.286706 27.554137
101.136001 27.439545
101.060649 27.344052
100.963767 27.229461
100.866885 27.143518
100.716180 27.009828
100.576240 26.876138
100.468593 26.780645
100.317889 26.627857
100.242536 26.484618
100.188713 26.379576
100.177948 26.293632
100.124125 26.207689
100.048773 26.150393
99.9651891 25.926253
>
100.543946 21.337559
100.630063 21.490347
100.683886 21.652685
100.748474 21.795924
100.802297 21.948713
100.791533 22.158797
100.673122 22.302036
100.479358 22.445275
100.350182 22.569415
100.242536 22.674457
100.210242 22.846344
100.210242 23.046879
100.231771 23.276062
100.231771 23.400202
100.253301 23.495695
100.317889 23.658033
100.393241 23.782173
100.500887 24.059102
100.522417 24.316933
100.479358 24.450622
100.328653 24.546115
100.167184 24.565214
100.027243 24.612960
99.855009 24.660706
99.682775 24.775298
99.564364 24.851692
99.456718 24.956734
99.370601 25.090424
99.241425 25.300508
99.198366 25.510592
99.166072 25.711127
99.166072 25.835267
99.155308 26.035802
99.144543 26.274534
99.144543 26.446421
99.144543 26.580111
99.133779 26.799744
99.069191 26.981180
99.026132 27.105321
98.993838 27.210363
98.983074 27.420447
98.950780 27.515939
98.875427 27.687826
98.875427 27.783319
98.810839 27.907460
98.713958 28.107994
98.638605 28.301234
>
98.767781 24.813495
98.767781 24.928086
98.767781 25.061776
98.767781 25.243212
98.778546 25.405550
98.778546 25.596535
98.778546 25.883014
98.789310 26.083548
98.800075 26.293632
98.821604 26.446421
98.832369 26.618308
98.832369 26.818842
98.821604 26.981180
98.757016 27.124419
98.649370 27.324954
98.584782 27.506390
98.509430 27.659179
98.487900 27.783319
98.401783 27.897910
98.380254 28.022051
98.380254 28.155741
98.326431 28.329881
>
