100.349691 25.613798
100.360893 25.815886
100.360893 25.991899
100.405702 26.193987
100.433707 26.376518
100.506521 26.552530
100.562532 26.702466
100.624144 26.852403
100.691358 27.008858
100.808981 27.145756
100.898598 27.308731
101.044227 27.445629
101.156249 27.556452
101.290675 27.654236
101.425101 27.719426
101.587533 27.778097
101.716358 27.804173
101.878790 27.830248
102.018818 27.810692
102.209255 27.752021
102.326878 27.686831
102.450102 27.595565
102.556523 27.478224
102.640539 27.347845
102.696550 27.197908
102.741359 26.963225
102.758162 26.761137
102.791769 26.578606
102.842179 26.389556
102.847780 26.213544
102.830977 25.978861
102.791769 25.776772
102.741359 25.613798
102.657343 25.411710
102.573326 25.209622
102.472506 25.033610
102.371687 24.877154
102.282069 24.753294
102.175648 24.635953
102.046823 24.557725
101.878790 24.459940
101.749965 24.388232
101.559528 24.355637
101.391495 24.329561
>
103.234256 22.999691
103.346278 23.097475
103.469502 23.208298
103.581524 23.332158
103.699147 23.449500
103.816770 23.579879
103.923191 23.703740
104.001606 23.860195
104.124830 24.049245
104.214448 24.199181
104.309666 24.394751
104.404885 24.590320
104.472098 24.759813
104.567317 24.968420
104.656934 25.144432
104.768956 25.437786
104.824967 25.659431
104.864175 25.881076
104.903382 26.122278
104.948191 26.350442
104.964995 26.676391
104.976197 27.047972
104.959393 27.341326
104.948191 27.621641
104.892180 27.921514
104.858574 28.169235
104.757754 28.443032
104.668136 28.671196
104.556114 28.905879
104.427289 29.114486
104.309666 29.277460
104.175240 29.427396
104.063218 29.538219
103.895185 29.694674
103.676742 29.864167
103.503108 29.961952
103.301469 30.053218
103.099829 30.092331
102.931796 30.092331
102.707752 30.105369
102.506113 30.092331
102.326878 30.072775
102.153244 30.033661
>
103.743955 32.387009
103.900786 32.426123
104.091223 32.439161
104.253655 32.458718
104.399284 32.478275
104.584120 32.491313
104.746552 32.491313
104.897781 32.497832
105.071415 32.465237
105.261853 32.439161
105.435487 32.400047
105.625924 32.308782
105.816361 32.230554
106.074012 32.119732
106.208438 32.021947
106.382072 31.911124
106.544504 31.774226
106.712537 31.624290
106.858165 31.467834
106.998193 31.304860
107.149422 31.122329
107.289450 30.959355
107.384668 30.783342
107.463084 30.613849
107.547100 30.385685
107.614313 30.229230
107.692729 30.001066
107.731936 29.805497
107.782346 29.590371
107.827155 29.277460
107.849559 29.029739
107.894368 28.742904
107.911172 28.377842
107.922374 28.136640
107.899969 27.895438
107.883166 27.634679
107.866363 27.367401
107.827155 27.106643
107.771144 26.865441
107.748740 26.650315
107.692729 26.441708
107.625516 26.174430
107.547100 25.920190
107.463084 25.652912
107.362264 25.366077
107.267045 25.124875
107.183029 24.883673
107.099013 24.668547
106.958985 24.401270
106.863766 24.205700
106.751744 23.971017
106.617318 23.795005
106.443684 23.605955
106.247646 23.358234
106.040405 23.149627
105.855569 22.973615
105.665132 22.804122
105.502700 22.667223
105.076460 22.305955
104.526363 22.005955
>
